 Range of input
   0.454739512699903   0.915427766157707
   0.093889728236564   0.334995732358582
   0.023814657615642   0.209456308236988
   0.043804839265680   0.286039967679626
   0.114199659939038   0.419095378578514
   0.008815281068336   0.112222140698463
   0.002287619756857   0.063892917938098
   0.010859927764014   0.191742120357026
   0.012644798784662   0.127790310629638
   0.004207862962695   0.095822168456661
   0.030879303840445   0.191909425862121
   0.000827664343835   0.037593938210129
   0.001043197249020   0.057607200032415
   0.000219747192524   0.020452550161605
   0.000567137917350   0.043871945060268
   0.003818053648388   0.087782170796238
   0.003419122122442   0.057611234564331
   0.001400099933660   0.040913762786951
   0.000404204444295   0.032100017498327
   0.008755259712437   0.087897046225332
   0.000077709180314   0.012593808862946
   0.000054478881264   0.012984738759644
   0.000366759627611   0.025970386908095
   0.000100208815750   0.018111273775279
   0.000021108765335   0.006851517019988
   0.000258625461431   0.040161596663515
   0.001429532119303   0.040196639856960
   0.000969429308549   0.025973115138207
   0.000378583537653   0.018112542202004
   0.000142107230064   0.013705935928360
   0.000038827603046   0.010753368870575
   0.002551830415892   0.040266756820956
   0.000007296093821   0.004218872223226
   0.000024843385311   0.011707313850029
   0.000142405841064   0.011708133774124
   0.000005233204152   0.004082304962645
   0.000035230679512   0.008164895830344
   0.000009625990448   0.005850246787191
   0.000002027693591   0.002295228961878
   0.000013506195323   0.009189255647500
   0.000090925640395   0.018386529424009
   0.000405317588649   0.018410590807294
   0.000282552348744   0.011709773679738
   0.000107340411951   0.008165753565530
   0.000041918799578   0.005852724598040
   0.000013650723531   0.004591430043981
   0.000003729753048   0.003602332680120
   0.000755100531167   0.018450716439730
   0.000000685028266   0.001413304190147
   0.766250348305912   1.887104208757330
   1.562819618852730   4.261634595558140
   1.527143031073723   3.818709322106109
   0.571408248411196   1.781964258491173
   1.932821043718997   5.705870038724761
   0.023361992079008   0.152916550563198
   0.751174762402531   2.153134575193830
   0.446096320426405   1.510103481114083
   0.764452263768309   2.140769880812110
   0.047123561497161   0.308102740716887
   2.281624782396880   6.427652282492281
   0.585645071617336   2.077093426849649
   1.095178191597662   3.143553116759465
   0.531211840129952   1.782582751176069
   0.057836444054198   0.241639118843103
   0.588060766389327   2.098460850951616
   3.324694499060630   9.910230877355716
   1.107683943507842   3.169071570611582
   0.582111464701271   1.879845425822446
   0.068054127085568   0.454966909531384
   0.928728169739934   3.239840632685445
   1.895896632347755   6.566230643724794
   0.264560225118145   1.119322836191133
   0.032069452798267   0.206275825830845
   0.971325451237891   3.329075444104291
   0.031985714112565   0.206492109054431
   0.049255925246489   0.380424176470767
   0.688260361295525   1.913613743253681
   0.789747551574491   2.222750788594065
   0.019319597398328   0.176873912242590
   0.131567887242084   0.503350414809232
   0.580579288315840   2.403598455279713
   0.001098066651933   0.021177845593373
   0.335175925844518   1.246873325377574
   0.024630103429534   0.190079992534666
   0.279634371568081   0.963162720800266
   0.010914098721268   0.071546988878011
   0.074220099375821   0.569325119714020
   0.617359801627667   2.168048718740291
   0.415898542350053   1.492078343582060
   0.033824065168427   0.214808732817277
   0.037898644091084   0.249314010988072
   0.088036367447922   0.373055899421284
   0.019012701931521   0.170837147760897
   0.253029103116901   1.034324718178599
   0.421592823697082   1.659339074550643
   0.114918116309358   0.864222864483766
   1.033952083129165   3.591858443762052
   0.257021750554853   1.051317632056634
   0.517706812701950   2.084558197287793
   0.112783602878872   0.561376706545041
   0.231149519838999   1.059616581191233
   0.037782814322710   0.254942444736462
   1.015305137512897   3.569143707620151
   0.126435445131213   0.565822290579262
   0.101001034060405   0.383704895581194
   0.284288472463912   1.100120192991356
   0.020380266847530   0.188439894126250
   0.559349107339204   2.170873367734206
   0.104851108841499   0.493844590598420
   0.283548345081297   1.096386773227721
   0.035737308087455   0.281833363669105
   0.030851084799816   0.213127140884509
   0.072322453793833   0.579994914388689
   0.483014572587834   1.982452033880438
   0.430843033718403   1.775713254349211
   0.361693450255545   1.360179745797950
   0.088568012479715   0.560570849740066
   0.069520668839237   0.473500750330422
   0.010927593651840   0.093679008744204
   0.255709219377847   1.290100823087622
   0.003607546288937   0.032568294944456
   0.001254063916240   0.025033093930422
   0.016487825737264   0.123307982141104
   0.036625971723743   0.299659803017742
   0.363475154358770   1.361736803424425
   0.088571176501209   0.560495221074215
   0.490613939826418   1.996325265598544
   0.465195512282353   1.866933555977190
   0.262561389699329   1.313583517007275
   0.050560412129178   0.384070993947467
   0.038697873747079   0.272122102909190
   0.001253033512362   0.024996178898114
   0.049696056423321   0.375399178574976
   0.012170682543313   0.117469921899117
   0.017176231649319   0.131354335810610
   0.023740955228140   0.202663526263837
   0.015255071315806   0.165705558423247
   0.002268734229981   0.042823510044868
   0.595440666317508   2.022533800544851
   0.374826082124747   1.264054289476943
   0.696887754662906   2.231399064744607
   0.920841066898978   2.914546324950969
   0.025444230380529   0.202287014322263
   0.681957872516229   2.221193711914561
   0.454534172411511   1.586626119298284
   0.020450228155821   0.227874902500866
   0.237448290682747   0.913139312368524
   0.796853387759336   2.589339681259306
   0.264827588139272   1.068502536485366
   0.002335972645925   0.021070216403052
   0.020597160592404   0.233958000172768
   1.094879544054946   3.661378522757224
   0.242151261377667   0.921240982586796
   1.088168819579356   3.650725556643052
   0.798326154423845   2.604754836456133
   0.297735817112709   1.148392925106154
   0.003055274426047   0.064629996329203
   0.380549225484367   1.446872393844581
   0.773411376084526   2.922164257643397
   0.394359651443798   1.475904853741137
   0.127956784587248   0.582336915253555
   0.142591543199094   0.607901747677204
   0.115517224171018   0.504858275719635
   0.026079136694926   0.155428573374385
   0.130991267052070   0.588833127870625
   0.526765042968486   2.251558772111957
   0.145491739954030   0.614955321209383
   0.124399576692626   0.525408593610552
   0.024655624136179   0.209241771960359
   0.279578432003875   1.375925789847811
   0.287658127819682   1.399737124348154
   0.111104937463827   0.671658159844434
   0.286423430009446   1.401411940862174
   0.019978724737340   0.151393682485858
   0.013089442114572   0.132374366074060
   0.296089663428186   1.426433054886601
   0.013065114365746   0.132664924298138
   0.002329900471863   0.056261892360088
   0.021569086838264   0.164259990090962
   0.028868705960004   0.194400100039140
   0.295473723837667   0.940108890278130
   0.314118770840993   0.995395108557732
   0.000952428582772   0.026856603638760
   0.004852947716097   0.046321502401369
   0.023881826871425   0.175694091917919
   0.031959736341005   0.163954643295564
   0.130824475401529   0.721449011332574
   0.000051399428630   0.003450793067261
 Fitting coefficients
  -0.679888726480026
  -0.369883799745360
  -0.630575133436066
  -0.087710522723252
  -0.072400436253977
  -0.438899711857340
  -0.347185529759916
  -0.870002704888177
  -0.214925056613162
   0.348971011657526
   0.190759422250650
   0.992484782415473
  -0.124869056468498
   0.647230314743741
  -0.268443014013701
  -0.732900578471827
   0.046113209783938
   0.918627725950942
   0.376996446671097
   0.021751056206865
  -0.491497648549146
  -0.032447023786170
  -0.399232873863988
  -0.238857532336392
  -0.477405611486511
   0.767229002782133
   0.314021889780497
   0.082133955310523
  -0.544484453273855
  -0.036672836382129
   0.711302866468549
  -0.626465953967692
  -0.049894602544683
   1.111924297638049
  -0.055862071144384
   0.982187122976947
   0.703528287050241
  -0.739493080304329
  -0.219988081816586
  -0.508097157252468
   0.605576953763281
  -0.246081170801993
  -0.529516667652341
   0.646928550633364
  -0.720793844384304
   0.717776397158453
   0.192201452955313
   0.593633757513839
  -0.430814909096491
  -0.873114554350844
  -0.050404904003817
  -0.893964409259965
  -0.631748190758690
  -0.393494653140864
   0.015928175355517
  -0.024939903245200
  -0.943189690612301
  -0.333943000812767
  -0.485939190860961
   0.163308717863937
   0.047058104258744
   0.146597882904391
  -0.750081299179585
  -0.137696514893529
   1.227726512819819
  -0.129910412900412
   0.801535736078299
   0.337657689611737
   0.747623880850466
   0.393491882612302
   0.394246482015930
  -0.008130422179742
   0.599578902195672
  -0.250591348068845
   0.732504708710539
   0.082243370000783
  -0.318392765438322
  -1.188900249278376
  -0.175026437358612
  -0.529593553986277
  -0.265325462700510
   0.759794215630562
  -0.412918831176401
  -0.826793583643053
   0.788322020726111
   0.088359504080060
  -0.260003408597456
  -0.138901504297410
  -0.039349028663956
   0.097013583892823
  -0.758061585591562
  -0.266397108759998
  -0.089069573556762
   0.633920200385888
   0.112710811980530
   0.125154774086295
  -0.376940868909241
  -0.133608552969775
  -0.482321862716650
   0.121269491283765
  -0.679255949996367
   0.262229605431094
   0.784751992125589
   0.139961635774622
   0.246187821797215
  -0.213243664347981
   0.251232691614907
  -1.261543165300235
  -0.423178321711457
  -0.023295021796973
  -0.208380441894116
  -0.776524049596894
  -0.048881681064180
  -0.186313482643269
   0.073290202823541
  -0.859225543426004
  -0.034886291219248
  -0.196782717927940
   1.085285760552049
   0.365733645527124
   0.139337719888316
   0.490918497861646
   0.089178747137338
  -0.785732317163271
   0.374800535924514
   0.038989215747673
  -0.113677491271039
   0.243272526917099
   0.173941934371499
  -0.306057685537089
   0.581327957698500
  -0.803318468360090
   1.161090160896473
  -0.666707636323417
   0.453859050430340
   0.809824080830874
  -0.045086371273809
   0.436047667428383
   0.639987608029314
   0.217036642250869
   0.446572888567068
   0.447984168204410
   0.230571471592355
   0.751392066032336
   0.646056064998316
  -0.239309931161438
   0.817933080157337
  -0.127209801266579
   0.150258482593077
   0.374420606529941
   0.319037404159344
   0.892011666470259
   1.032454753326281
   0.156836821722642
  -0.681989424837182
  -0.480863309111332
  -0.890961624211816
  -0.621582378800189
  -0.143233958114316
  -0.295980241814932
   0.013278852684862
  -0.281552928346879
   0.310303848653896
  -0.416014604498253
   0.277737365719880
  -0.234844527408401
   0.258847117293420
   0.069643282590131
  -0.056710074583469
   0.150954607644053
   0.018133462347855
  -0.133807485162423
   0.759079686705708
   0.450296588299943
  -1.090073882261032
   1.074658162615243
   0.577925979367222
   0.336496176802798
  -0.101530350478443
   0.180274882529835
  -0.600338845382822
   0.144510036740471
   0.276009176224717
   0.523426575167695
   0.908995691748757
   0.343040181270681
  -0.582021811022254
   0.113293227778437
   0.895754221300674
  -0.440209771269859
  -0.457789099273440
  -0.533534023368653
   0.669432547453628
   0.292435004841386
   0.006907998591154
   0.679844142547191
   0.735229502991763
  -0.020523590280102
  -0.368379207809565
  -1.002060104290074
   0.336025441922526
   0.988024690347176
  -0.509344094164958
  -0.314569355726008
   0.302459419644756
  -0.501687299681940
   0.246276378226240
  -0.170966193151117
   0.331716444107162
   0.506570973779210
   0.622073128656981
  -0.312504878449870
  -0.147682186573683
   0.013271665320260
   0.888592767897901
   1.195257906221058
   0.879453899665670
  -0.365181464425113
  -0.088847019996353
   0.172104255112425
  -0.207530253989988
   0.189167162939261
  -0.615179730259433
   0.183773868954818
   0.588271219515875
  -0.292231431097870
   0.128743938166608
   0.384215285187342
   0.201186473256987
   0.222249120725492
  -0.014338870750183
   0.818082436352157
   0.725260148335763
  -0.860204734283158
  -0.399961051062751
   0.166385556093516
   0.696249594134235
   0.097751612460226
   0.173697838838791
  -0.331635140944213
  -0.629871337923675
   0.263398168703335
  -0.095504623547209
   0.372215948660099
   0.098291963828277
   0.156139762377782
  -0.536468882726374
   0.403502400563568
   0.861014782697739
   0.652323591523987
   0.339763323737700
   0.446313746612947
  -0.024960174017647
   0.003079398498386
  -0.525159894562303
  -1.034336167175348
  -0.857910092897186
  -0.232672171742051
   0.109216910384653
  -0.359659350634073
   0.679713727927858
  -0.334479070200459
  -0.522611150280232
  -0.617474784280493
  -0.330524332353478
   0.271409533604912
  -0.587992880985612
  -0.411802081233405
  -0.614782177027837
   0.045196401268540
   0.624109942252861
  -0.855435358915839
   0.168515607395518
  -0.110349376738098
   0.566026740690797
  -0.110162131838391
  -0.107867058723419
   0.525395112616010
   0.401477762299547
  -0.025583227843774
  -0.955134063156004
  -0.717743557393433
  -0.806551314229299
   1.080358324218698
   0.141445365126031
   0.308637392998604
   0.459292027180134
   0.125847463400681
  -0.046291966067342
  -0.175158370316246
  -0.673092587839580
   0.287472864164958
   0.586015907936368
   0.477293054358025
  -0.072415335288646
  -0.930827726359663
  -0.265111492484061
  -0.320041348472106
  -0.084677268995603
   0.434740693923615
   0.003048940351061
   0.566987403502441
   0.293142205107051
  -0.055723835716841
  -0.159497905873121
   0.238101543097841
  -0.053633260187213
  -0.612167939516343
  -0.089569237895008
   0.386438921219373
   0.552348421201248
  -0.748772681759384
   1.032043622347640
   0.186716496820098
   0.252393698095153
  -0.437783459216861
   0.162942426467046
  -0.045329164412450
   0.106281912834025
   0.105926904356270
   0.301181702617450
  -0.802234427946025
  -0.525773474950710
  -0.347701356765130
  -1.164597139685674
   0.184635482680312
   0.017917362863454
   0.465960445248536
   0.480603920715902
  -0.707209319830713
   0.609404170532687
  -0.842920061033462
   0.552172409839346
  -0.736703090625295
   0.680194949712334
   0.199663252306132
   1.124289804248275
   0.084424569443870
  -0.340183794818996
  -0.186412716744505
  -0.856953782531281
   0.010074052114943
   0.016503850773642
  -0.377952748394663
  -1.108145262712664
   0.813595962930321
   0.067325116692592
  -0.664672749721514
  -0.246845422687595
   0.049969735222337
   0.327955761515758
  -0.190936868016923
   0.876839646240285
  -0.337249975120370
   0.668016007359913
  -0.505542978568908
   0.057126694289912
  -1.150160157511140
  -1.067538898311721
  -0.675417720791437
  -0.083114238034103
  -0.269543233954367
   0.685095129718532
   0.966282710243490
   0.738272220747628
  -0.862901226502563
  -0.236447761968798
  -0.797529344933239
   0.168454440604178
   0.638636828387685
   0.152977654162349
   0.872265730169493
   0.422748479956986
  -0.666339175766562
  -0.027385446919319
  -0.627747077835811
  -0.776322770150135
  -0.098476547401762
   0.114275145225130
  -0.329770078537614
   0.821120915621274
  -0.616248414056836
   0.323725888568079
  -0.098395649796322
   0.023486443221746
   0.303523164045338
  -0.570301592496818
   0.026846764007068
   0.178932719260145
   0.614001642876871
   0.561788714021796
  -0.081066834417469
  -0.785055867772772
  -0.433579768588663
  -0.338486832754723
  -0.518364697372558
  -0.124967009249082
   0.361013282765098
  -0.255304571879037
  -0.358381201971240
  -0.222331848326121
  -0.063099071702473
  -1.094461802467751
  -0.827990867711107
  -1.015492408902133
   0.240163604548056
   0.421702394128805
   0.321718866758905
  -0.731012438916324
   0.381007349415700
  -0.893859966373022
   0.473535519305789
   0.257889930140365
  -0.267789460376998
   0.087513589254331
  -0.368231215534704
   0.147600614279919
  -0.813415532062358
  -0.567828575951405
  -0.690924652799822
  -1.018796078274836
  -0.511731482790785
  -0.422784178201493
   0.275923847755087
  -0.045255601417154
   0.700662097334816
  -0.015440935377144
  -0.261716918510087
   0.079925006616123
  -0.527539439488937
  -0.336493499033348
   0.090344354313053
   0.423678171094508
   0.694336913316909
  -0.412649141043215
  -0.416528719107032
   0.510426285885636
  -0.650118331502178
  -0.530140351209406
  -0.450890613071461
  -0.549929124013967
   1.083821393000941
   0.870846778841173
   0.503837623828400
   0.704175968677741
  -0.044688159985505
   0.374276745533171
  -0.599289028271175
   0.750316321000129
  -0.772417667662164
  -0.350664780328978
  -0.045234483028801
  -0.934136414701646
  -0.053659076975975
   0.422532440657124
   0.142183370017409
   0.219493365226040
   0.681870591686147
  -0.688881407388757
  -1.125373657631053
  -0.209262391290141
   0.853481526019046
   0.101470235986394
  -0.439080980378286
  -0.325654533122882
   0.717825731887773
   0.327085555799158
   0.600586230642681
  -0.171085859005166
  -0.842605386321640
  -0.344963406449667
  -0.595923609652268
   0.197628413083835
   0.595977922174665
  -0.463057593943324
  -0.894209313615912
   0.091368739675598
   0.140204478517679
   0.815152343178007
  -0.079732186545071
  -0.125565270637507
   0.128593770048255
   0.577474894279297
  -0.127740340377430
   0.058962322183961
  -0.538944801933793
  -0.660088352828813
   0.160073028491812
   0.132565131526961
   0.155373649340436
  -0.301005844585929
  -0.170694550298865
  -0.478959269086792
  -0.115006275774199
  -0.655872502480088
   0.672274156403359
   0.721967544340657
   0.143725505500801
   0.126313588843761
  -0.838678263836508
  -0.868115369476614
  -0.628355424746438
  -0.915506299950234
  -0.425279964087504
  -0.471447401816041
   0.327031641353142
   0.385688516253973
   0.204085942852975
  -1.043104711429646
   0.755183821918222
  -0.692461834876977
   0.884165791433048
  -0.016192270819368
  -0.782350814510046
   0.979629371896447
  -0.364166580251521
   0.819181263376617
  -0.645456143437223
  -0.595412881924454
  -0.035746576222907
   0.330908448463438
  -0.832762086024840
   0.391227410411774
   0.289578325546860
   1.111924534167518
  -0.718623274427698
   0.399824135236361
  -0.796099811292726
   0.075692674195041
  -0.519578435094556
   0.175595258533244
  -0.313623102792315
   0.039340368590804
   0.382255828817140
  -0.677521440590648
   0.903934271354678
  -0.642853486679461
  -0.086113533235355
   0.317530318926162
  -0.064699975460433
   0.439926939361425
  -0.547946497527121
   0.039116504684721
   1.145704595480691
   0.565727661418804
   0.730671622167342
  -0.707340549651032
   0.104676496661058
  -0.187150310404556
   0.878849602711408
   1.064134062532641
  -0.528621027284683
   0.729252470464706
   0.493795674056726
  -0.565764336322570
   0.011560859513155
  -0.896237875675665
   0.973841654344589
  -0.180714577511413
  -0.593488464223779
  -0.457031251687531
   0.438828797227135
  -0.071696853483879
   0.338492611419131
   0.540888266112736
  -0.381045769864746
  -0.643452169276416
   0.489063266472235
   0.520620152747680
  -0.238158223891416
   0.055243017190314
  -0.217205214681061
   0.942509946105548
  -0.275686769426150
   0.199056151758357
  -0.656995606494254
  -0.215902199268726
   0.269116416672822
   0.702571544810003
  -0.738105948382960
  -0.488716362421001
  -0.505425246920644
  -0.155072208598806
   0.209785362937782
   0.847552896262860
  -0.475575363394429
  -0.260110107403680
   0.192879142541212
   0.428871761067302
   0.210149701079586
  -0.029602409600626
   0.674720746101129
   0.618745576336603
   1.072104636954602
   0.275465122711730
  -1.130301065764739
   0.379964557861985
  -0.491532315494659
   0.078703148371856
  -0.626872843453336
   0.671474529673101
   0.415353415714526
   0.049054732507129
  -0.364181118916052
  -0.439819444510588
  -0.271862222416740
   0.021730394080903
   0.387889912613902
   0.378371280985108
   0.954336564603979
   0.503824217115899
   0.487836263526236
   0.558441964599002
   0.082064249754839
   0.595218870690074
  -0.860480487599607
   0.172024393106133
   0.950632924300329
  -0.157977067159083
   0.254384657246026
  -0.302055317133116
  -0.105876673497610
  -0.663365761274944
  -0.276681588374981
  -0.455915052798478
   0.384744373319994
   0.011324650461926
   0.397673910745759
  -0.852179246657460
  -0.317258828823916
   0.065221553211526
  -0.025324807979468
  -0.054620224662754
   0.329571452432787
  -0.822249401506172
  -0.210174817455311
   0.379031057170915
   0.939341728270718
   0.364653667420596
   0.624553980954319
   0.901765269768876
   0.345606250376184
  -0.302876037622848
  -0.711568625410809
   0.698819976557873
   0.912587101979409
  -0.865839606793230
   0.753343963508690
  -0.129170609877385
   0.374849757695395
   0.126322986680589
   0.322192222833673
   0.106269807029388
   0.036168031746630
  -0.656573464636140
  -0.075708293580459
   0.115244255774425
   0.155205710168801
   0.119329257261996
   0.395394994265816
   0.796989117383255
   0.713285100954659
  -0.809867838667598
  -0.597549377645494
  -0.472500457262364
   0.605854218681899
  -0.129674287553843
  -0.386945121900707
  -0.108558177386310
   0.305196332851981
  -0.194150059227372
   0.580424422376550
  -0.463577136599790
   0.620087304476368
   0.832267935487695
  -0.213044886847711
   0.017271736638725
  -0.350269122111833
   0.280181300258696
   0.222925500220117
  -0.624868551832626
  -0.281563123756684
  -0.328041774279045
  -0.847817895877047
   0.135384856496379
   0.133792147076810
   0.878742778380315
  -1.015245487632492
  -0.888321571492592
   0.472285379817559
  -0.741027893761600
  -0.051552644868602
  -0.290151453500044
   0.052884745219653
  -0.772322890831652
   0.647070489733223
   0.010534467955981
   0.075389323683863
   0.052908321988281
   0.171157471617487
   0.001896802160017
  -0.852825352681350
   0.417396411780361
   0.062331324904485
  -0.710236673174225
  -0.231736948867060
  -0.997775943857333
  -0.530505773197862
   0.386105684612695
   0.096069618898491
   0.549346566360013
  -0.446339821702667
  -0.674034176825561
  -0.533428479401382
   0.533554778427758
   0.704171064166125
   0.145359472860199
  -0.104949836431305
   0.621103111323901
  -0.283102388392958
   0.800040157142333
   0.304210784641878
  -0.124150480349334
   0.135178538526650
   0.433303077185256
   0.509188474944910
   0.196753166417435
  -0.385939699229832
  -0.121413038605299
  -0.067399728919295
   0.101182711089496
   0.365417545352516
   0.563418214601228
   0.122455739343165
   0.316671761096656
  -0.146196596548066
  -0.861892714288317
   0.359649288401891
   0.417021955799529
   0.676466063687488
   0.021067876912067
   0.392802555433464
   0.041981365189153
   0.609565165525686
   0.433081726125023
   0.501409321593799
   0.771143203926550
  -0.048992513608920
   0.452937460574830
   0.344788727427854
  -0.850802857808488
   0.636569406481909
  -0.514316541254074
  -2.044722938077339
  -0.173657806004343
  -1.578876450470283
  -0.185138146670801
  -0.858968946887698
  -0.235913487778023
   0.692582857183624
   0.015009596953000
  -0.573392256808643
   0.002868464351815
  -0.483741525821150
  -0.204540665414953
   0.201465441179200
   0.361209288338938
  -0.193158136163700
   1.061942935515808
  -1.043240059219074
   0.567690088071165
  -0.681976649281663
   0.122622838293992
   0.227941663200279
  -1.419196668108214
  -0.503788681874903
  -0.600211099699577
  -0.342012676480218
   0.182599386316276
   0.537498643226887
   0.064319109269719
  -0.548565238675810
  -0.582759548361977
   0.884611894904926
  -1.242049874345261
   0.066069262303496
   0.053766929325250
  -0.288047492440612
  -0.246813401179288
  -0.412267174243692
   0.125716510898982
  -0.177672453480831
   0.615952089257721
   0.697638138045067
   0.602214532897087
   0.464673683444709
   0.403578150846079
  -0.917784812460416
  -1.296222147141358
   0.729602625083232
  -0.569815898564426
   0.020564241385496
   0.110645121600113
   0.007611432139240
  -0.176514319965929
   0.045984777682598
   0.049983932084690
  -0.013406789461742
   0.530425343163504
   0.164772240239844
   0.769824284117334
  -0.461933044778345
  -0.017968367752203
   0.565834517020829
   0.030314272001302
   0.298709568512309
  -0.421196490138864
   0.333919302900908
  -0.306915853637539
  -0.541730959169088
   0.277842472565084
  -0.109411694774037
  -0.397050746351096
   0.591788303560067
  -0.422927471147813
   0.441585363875300
   1.377484791751079
  -0.753711756976272
  -1.721748994932441
  -0.533875453007237
   0.414012446497420
   0.505852047704992
   0.427558429254238
  -0.636287159964613
  -0.761424775998798
  -0.148116460610571
  -0.103637329851890
   0.910750234978376
  -0.728965116514165
  -0.662689701127855
   0.052713710080137
   0.313348242725415
  -0.070050836425057
   0.727428842713651
   1.308721541485975
   0.209278103439214
  -0.066703697727023
   0.935671532735271
  -0.020549340554103
   0.322377134410256
   0.093510906189691
  -0.506010185906225
   0.070179853199072
   0.310454332093809
  -0.940397415869590
   0.800059198226076
   0.116066645692046
   0.126912924045536
   0.062160166292627
   0.121892297447997
   0.196672557452512
   0.756486189389773
  -0.539240158519306
   0.223460844271800
   0.961280145225937
  -0.218069422101558
   0.713939846643318
   0.004198825870187
  -0.531401939796386
  -0.056821801557383
  -1.007552532076695
  -0.551793491927417
   0.192303482494238
  -0.104311332352713
   0.313892059639843
   0.155125320060371
   0.473305262108123
  -0.572194925884253
   0.112026315680418
   0.582227218243885
   0.393108610218649
   0.515698414999893
  -0.152916125774703
  -1.041194490680236
  -0.777614313895004
  -0.390048803350686
   0.357525444909315
   1.158446253531846
   0.509188082157059
  -0.619314302500678
   0.559855158996596
  -0.625085396355852
   0.292753767818218
   0.373017418714401
  -0.262515757655396
  -0.212149670942463
  -0.154791640602672
  -0.568414108072300
  -0.131398043009364
  -0.551632350213468
  -0.412924576099564
   0.182366496806335
  -0.585865641517187
   1.082757883309724
   0.071431762566657
   0.486753861717051
  -0.027294665856094
   1.051096462138797
   0.275604049279485
   0.194858540273791
  -0.642880457552783
   0.015376810313277
   0.460300909119856
  -0.596755946932632
  -0.253958949004856
   0.407121480819317
   0.086167002738016
   0.629731082488399
   0.796680584978688
   0.369405649865459
  -0.043400634474551
  -0.317269202953069
   0.906860966066203
  -0.836978688121874
  -0.045078480477618
  -1.064369416149082
   1.011747382168269
  -0.479839346657998
   0.814836529447165
   0.689270702308384
   0.892769440374796
  -0.229207131257663
   0.065277522406089
  -1.193749288874012
   0.449192752942229
  -0.510720685387940
   0.874027749961212
  -0.147447910140426
   0.248441152526576
   0.039548278750571
  -0.153565270857644
  -0.416152020768207
   1.460807532987287
   1.106578805478874
   1.238964212993500
  -0.758001902350175
   0.545044745562486
  -0.408358257896150
   0.427650264316285
   0.048004378917496
  -0.641404240372851
   0.701283634111448
  -0.328686598782582
  -0.079203131254887
  -0.085927179941721
   0.027630681344946
  -1.507196097427197
  -1.096228395851429
  -0.502888492488030
  -0.147444393416633
   0.958303089670858
  -0.662911754654013
   0.565731423967579
  -0.039916356768975
  -0.611747022281206
   0.657313055686602
   0.689574494211854
  -1.038453223896205
   0.549273180021178
  -0.899699835355743
   0.327565294753524
   0.229622422295453
  -0.618848375617953
   0.302195149211479
   0.602532511107769
   0.979435686388082
  -0.318434989423925
  -1.530776744851772
  -2.970171555458513
  -0.177825781932079
  -0.409077648249254
  -0.911661169288676
   0.155420854988788
  -0.755133130416684
  -0.940668885594042
   1.137425691076935
   0.607399745560265
   0.212478823078140
   0.697117497697629
  -0.089800197525888
   0.116657753775863
  -0.038688124526326
   0.236167866163624
   0.247449924453710
  -0.311337073564624
  -0.366373964734863
  -0.413276772511079
  -0.200694407461436
  -0.708748106192108
   0.370486206423741
  -0.100812662633512
  -0.831331232633754
   0.888384408973082
  -0.733468595459532
  -1.142100392685870
  -0.047680264870779
  -0.210979828708568
   0.407704054744654
  -0.850303785814163
  -0.805134608637038
  -0.598230034279874
  -1.405293139674227
  -0.550762774790303
   0.000606723018255
   0.354503973412028
  -0.681055824070441
   0.620189053632523
   0.733456106359271
  -0.819621213517958
   0.202787482305395
   0.458307576172473
   0.506235699512532
   0.156377475851849
  -0.499002744679185
   0.385746638590851
  -0.286508945806804
   0.456383844508267
  -0.082522390909188
  -0.425788102681943
  -0.657138500339643
   0.032390806062977
  -0.321132633347305
  -0.039151690086277
  -0.014290436909088
  -0.633911036124740
  -0.630189449082316
  -0.260111207306654
   0.827146317547170
   0.423293340561592
   0.630945615293733
   0.541825869917526
   0.292970625496386
   0.204563396069224
  -0.818180381743574
   0.498525662434089
   1.043332555370712
   0.707180691608453
  -0.187907450483118
  -0.138868474469692
  -0.283151859618834
  -0.840987830634761
  -0.103579491881877
  -0.796685551030010
   2.502412127206863
  -0.529594883185972
   0.345531314782016
   1.232922714980987
  -0.229719334505950
   0.219814898797576
   1.029037679217402
  -0.004662348901317
   0.005937127927934
   0.100032496366571
   0.048218947668469
  -0.703935916142597
  -0.160025720462336
  -0.652329620108543
   0.783129966479577
  -0.393349325856469
  -0.239112848278344
   0.644464255790824
  -0.299128582661477
   1.160325705758578
   0.737601647392007
  -0.198087599287719
   0.213547167158995
   0.191308341083217
  -0.019714917400384
   0.095485350221657
   0.468734892269568
  -0.615702398053919
  -0.672329075188173
   0.455134495090886
   0.079833885218332
   0.043431522549622
   0.191734764203123
  -0.210869424124016
   1.180223525119918
   0.516980324459923
   0.034128414493330
   0.249004200144123
  -0.403405170091067
  -0.554739484627989
   0.167743915337029
  -0.153349033234024
   0.530522775869725
   0.889244613393201
   1.231360053729577
   2.587305896926044
   0.424435681453481
   0.822817751315119
   0.929509564718831
  -0.575373821989808
   0.279523044659670
   0.680859239824232
  -0.554252429576983
   0.030053254689308
  -0.528548084210826
  -1.049177009425644
  -0.878992847429554
   0.486736955199772
   0.837600954175162
  -0.447204315528880
  -0.127270534556561
  -0.020103797962276
  -0.134583224287957
   0.042064180981067
  -0.823804029640768
  -0.355827857562368
  -0.021373387150449
  -0.544878446451740
   0.267481462265810
   0.187099134211518
  -0.394085350466267
   0.468623228580052
  -0.499013168983746
   0.907629887905457
   0.037384005983403
  -0.006885346202034
  -0.101026364851737
  -0.524808552045508
  -1.022733008700287
   0.187488838158271
   0.208830526411039
   0.188139529886130
   0.021327187101854
  -0.465208744323885
  -0.012445731622190
  -0.062064942275444
   1.585599389221966
   0.567139778733841
  -0.341481924907129
   0.810290869777388
   0.822617401579275
  -0.316809226190090
   0.689252764201334
  -0.522966243164792
   0.224126761398640
  -0.089595098910722
  -0.550265517241439
  -0.949857377603793
  -0.508408751153495
   0.195617510799313
  -0.288744514126613
  -0.294938963607740
  -0.817013537420963
   0.405844371829781
  -0.063376349539930
  -0.419038809061924
   1.130492367063874
  -0.181584489009072
   0.815432505974293
  -0.081406712294001
  -0.516798462231465
   0.518833538574069
   0.607929085658853
   0.685928262045105
  -0.553903225780002
   0.052422416736492
  -0.251486804065336
  -0.819247816404281
  -0.217749386589716
   0.163035853996662
  -0.311526382976113
   0.488431100624099
   0.256488963909056
   0.160180178454111
  -0.636866618974109
   0.470155450425564
   0.496780903853744
  -0.964337468419398
   0.251809697027832
   0.252488400230605
   0.080748448621035
   0.828210242873571
   0.596296260628711
   0.522253544583377
   0.305826788488290
  -0.256718156642730
   0.110734323844415
   0.280152916081742
  -0.618780911456689
   0.732543275339733
  -0.451103935004082
   0.939105144584084
   0.257707547283584
   0.598865408393649
  -0.816965148973372
   0.414361780729671
   0.360745121545295
  -0.756656888663294
  -0.907026635193550
   0.445960904971425
  -1.127045624444131
  -0.223820348525579
  -0.435061678916156
  -0.536615303905132
  -0.047268623836204
   1.148436849576290
   0.013287434785925
  -0.012785021086034
  -0.505053058101133
   0.824415758310154
   0.128596185066084
  -0.631750143073528
  -0.035381107415128
  -0.006713637351643
  -0.057609179498767
  -0.088110241135468
  -0.325420886252687
  -0.247711308914473
   0.279520917236002
  -0.128695904024750
   0.029732294579431
   0.104580955046611
   0.246437420265119
   0.104118004176711
  -0.095315649154629
  -0.317858482309959
  -0.272342945207649
   0.279057809857003
   0.236745141710069
   0.090110822282958
   0.322347821780523
  -0.166809848636469
  -0.061038128267828
  -0.158830182525698
  -0.115972303184808
   0.240794371853047
   1.504822774894470
   0.429065768007187
   0.496275760392960
   1.098728476680573
   0.330713816024228
  -0.144537572301626
  -0.904714141252054
  -1.311259131752369
  -0.005657607270266
   0.029631858801892
   0.454000189831020
  -0.606762442847212
   0.329398325004570
   0.711869862225513
   0.808120272541919
  -0.161975166075560
  -0.032575442095488
  -0.288575422447505
  -0.181481302231933
  -0.058348447759385
   0.129446773905849
  -0.486248764989835
  -0.429577235711705
   0.223738613911778
   0.231364865971711
  -0.000981633238289
  -0.456562972017616
   1.047711518902950
  -1.137837218533236
   0.124008946032118
  -0.270108075553962
  -0.751466681810355
  -0.223941417474276
  -0.067408272457503
   0.249990967740505
   0.749882226150484
   0.628527074308319
  -0.007782569319333
   0.127936958451818
  -0.201013306186444
  -0.556709912175603
   0.672371261084271
   0.158012381011235
  -0.256302299910713
  -0.286632478653665
   0.504090084740069
   0.097909092959719
  -0.192660149342839
   0.025691080825497
   0.218390575967110
  -0.060281834186020
   1.160613972394598
  -1.050011966275698
  -0.719073313968249
   0.232653550160739
   0.705359357449224
  -0.362073041720602
   0.172480135085376
  -0.486697199775236
   0.896769974086259
  -0.487974821567321
   0.248461886312995
   0.709495436570925
  -0.299064276385079
   0.421408680722328
   0.250762020153342
  -0.839427542443023
   0.678508546507835
   0.315647885479610
  -0.118798807831978
  -0.291312937813580
  -0.402423492110896
  -0.383369931460766
  -0.923186985249232
  -0.062688676783329
  -0.420456635224561
   0.539422872111398
   0.609898582237936
  -0.630468206917790
  -0.475857720281104
   0.173832779606497
  -0.295877699841683
   0.910507504361580
  -0.133927250915871
  -0.593719014132943
   0.463651632046408
  -0.530297090598832
   0.640443168026055
  -0.010399730749302
  -0.495781839616907
  -0.319032285650454
  -0.111931557162421
  -0.248120387709655
  -0.903586158031394
  -0.496488342593063
  -0.501569396786025
   0.006808011808000
  -0.591987812753160
   0.069053538355829
   0.108545674958827
   0.021533359969926
  -0.540279663267482
   0.221705605973210
  -0.090307515124155
   0.426291175971402
  -0.184641527712280
   0.107759514234529
  -0.734535876114514
   0.355277420564416
   0.630728055700669
   0.126451525015268
   0.010205445136285
  -0.597275824031015
   0.273158013911516
   0.116803651451140
  -0.634328057379329
   0.150817358411916
   0.772576626822008
   0.308489693150341
  -0.331693119417343
  -0.444073369276451
  -0.268614704792168
   0.409088507018720
  -0.092964263265845
   0.800489867290247
  -0.406616723472475
  -0.364507280789733
  -0.548535501856856
   0.071174628164560
   0.037486110650994
   0.461084928222813
  -0.023933232132699
   0.752812164293567
   0.578147089226987
  -0.365373164352566
  -0.075403706086130
   0.351740243013899
  -0.500332050357488
  -0.562811671557699
  -0.332020179887602
   0.683000026652173
   0.105540646887989
   0.329231471394737
   0.242058380837051
  -0.203276564468635
  -0.446087780459023
   0.312297128434131
  -0.539077956356391
  -0.634102497895377
  -0.938702224312313
   0.163399218899947
  -0.649707550661494
   0.074371637648521
   0.596603263131979
   0.061120931907100
   0.188092475948122
   0.028475956300461
  -0.609854238696364
  -0.503895496488436
   0.201525866593862
   1.382077415077243
  -1.229044679562547
   0.315494603285249
  -0.701436328394352
   0.885008365721515
  -0.191583994036160
  -1.180254587157754
   0.424265538604686
   0.772626198666543
  -0.582773024629159
   0.117843238214106
   0.667850329879606
  -0.595535407909440
  -0.160012786902702
   0.210927250821981
   0.471078927614219
   0.054307946080413
   0.065301966691463
   0.459498515649564
  -0.055789037071579
  -0.288297062843623
  -0.246986422464683
   0.337226448736644
  -0.338497399920699
   0.635045395786557
  -0.767963388490084
   0.973496743334503
   1.065049780644175
   0.508397992805315
   0.213318942469338
   0.282970820865926
   0.115305927181613
   0.097180476302574
  -0.238814832228888
   0.495230168041190
  -0.972197637011276
   0.990521519650439
  -0.176070117775797
   0.473201474729565
  -0.448629594801124
   0.740286931176720
  -0.201045898096963
   0.862977836112524
  -0.772399977597707
  -0.049613328292728
  -1.312016624072073
   1.754330969179111
  -0.990984304321130
  -0.814245928245793
  -0.553839116177227
  -0.149128396559089
   0.399314681891806
  -0.516430495021929
  -0.171945173102833
  -1.131697263345794
   0.957426037497626
   0.010011257594872
  -0.641736640732846
   0.242459641857489
   0.414654095183184
   0.569734058771579
  -0.885833133052486
   0.144169420395728
   1.106795536240018
   0.322206337458223
  -0.822908753135531
  -0.649738011409850
   0.414468819860332
  -0.562908299488088
   0.207318510315918
   0.438941882986845
  -0.190356297694312
   0.384991913602663
  -0.137957399382448
   1.347391588503694
   0.223802970547344
   0.593984163882754
   0.264906048343839
   0.736769382047171
   0.691813131038429
  -0.154749298394846
   1.055110043813491
   0.658544622850754
   0.353492307568790
   0.108401596659332
  -0.137341395505810
   0.170627302778430
   1.203232490961380
   0.453685040067635
   0.021785196175070
   0.619423757588595
  -0.549292278610249
  -0.689942057384439
   0.130566341443209
   0.794679094224073
  -0.727298038870256
   0.076075052073862
  -0.159467678487310
   0.247111507403066
   0.982055644349467
   0.012119683821779
  -0.497759233878203
  -0.196085271588588
  -0.427115606070183
  -0.843652401835518
  -0.629021026975838
  -0.006543259467411
   0.229201717208476
   0.102529397530904
   0.097968032028608
   0.446642690390193
   0.902805890996999
   1.348568918213416
   0.878450148281339
  -0.165917750469745
   0.001319067252224
  -0.691273721092182
  -0.656578968417912
   0.898047019871704
   0.128712722668755
  -0.215686503870538
   0.405804532634556
   0.054258402683612
   1.314526106831752
   0.159873820502148
  -0.468953380363050
  -0.464669814499010
  -0.181775630782269
   0.226921449438833
   0.242696653475180
  -0.372361590285981
   0.024937934359901
   0.560231548860133
  -1.138022553806918
   0.636371793468112
   0.039442780666915
   0.104711321949507
   0.275567272871072
   0.904906446399976
  -0.019433480818449
   0.374275150917185
   0.168319847551138
  -0.447685955786131
   0.302242455803849
   0.154663429528078
  -0.232333524530227
   0.282319655374187
   0.562354513684310
  -0.134142749450514
   0.123350687337274
  -0.160044545730231
   0.664130242936083
  -0.470147927202348
   0.288638446555942
  -0.552741308181878
   0.395352318008781
   0.163824219703227
  -0.545006182158025
  -0.088283904067471
   0.400098856521771
   0.115253228147918
   0.726401748518776
  -0.309500179652591
   0.081810910006529
   0.247883577755080
  -1.518942083477886
  -0.040461533998157
   1.264136206893752
  -0.752142418280327
   0.713879630289029
  -1.571593983110859
  -0.087254384090085
   0.131727577208198
  -0.821319560475378
  -0.173237055554108
  -0.516533051237619
  -0.998862114414074
  -0.130702950764158
   0.844849340945198
   0.722685957984364
  -0.568955621109911
   0.022127826446337
  -0.439209837083967
   0.315731228196303
   0.236712181732884
   0.229244453513970
  -0.484354611017931
  -1.297498062460856
   0.594703568636902
   1.115158952484531
   0.588598056527330
   0.016642057136283
  -0.759915330745677
  -0.704949022073173
   0.193036321327732
  -0.311813177536687
   0.106766135633828
  -0.039421349132873
   0.887242561476079
   0.686423904246879
   0.334886063136027
   0.794691829558467
  -0.652890743277763
  -0.121227204326065
   0.767715056070782
  -0.088748941974806
   0.724320586317593
   0.345473355990350
  -0.197911565959658
   0.695387757806699
   0.020555294232188
   0.378586415655162
  -1.147878143723291
   0.419551433119655
  -0.782617510136460
   0.923259901119317
  -0.621929267771189
  -0.447873109556881
   0.454206545202903
   0.038667514167001
  -0.429922431559639
   0.969881321099336
  -0.605974096476143
   0.453213189259066
  -0.281456762983829
   0.323071905135529
  -0.278022161777488
   0.023020480373059
  -1.177254389862019
  -0.608947619164195
  -0.512485973122320
   0.263256165827544
   0.421893799374209
   0.040824661261387
   0.035550683057923
  -0.092383000305682
  -0.059375321515526
  -0.416131433708220
  -0.134506883641007
  -0.169239071114981
  -0.617995434284890
   0.653712429875409
   0.562088134540075
  -0.466936117530950
  -0.457025191229211
   0.630370310586141
   0.286505218302222
   0.791856130456351
  -0.365162234452432
  -0.130407669655988
   0.032647913600252
  -0.069765058699077
  -0.559951423098014
  -1.006483055125630
  -0.084655466664452
  -1.593675967481928
  -0.737572112764294
  -0.708041848484430
  -0.827372568207739
   0.718894852937264
   0.216160008457876
   0.657697254597806
   0.332600760240593
  -0.671911385949110
  -0.463544739450275
   0.600242142207496
  -0.897134789944553
   0.851715748642108
  -0.055325214329371
   0.129948304408666
  -0.469416228257258
  -0.159492551926022
  -1.113943298443416
  -0.419026006334309
   0.156028957539446
  -0.227855004313747
   0.645620562783621
  -0.134519746323674
  -0.351227092778868
  -0.175002370522105
  -0.134740526358712
  -0.436948319332850
   0.847818807362198
   0.847137810951877
  -1.161326086173592
   2.007794890245207
  -0.739442516486988
  -0.490057710309787
   1.160393217762504
  -0.490871636422276
   1.636407992229427
  -0.320943999088420
   0.813956645083550
  -0.258033929893042
  -0.348979358069571
   0.338495131197378
  -0.193414856640265
  -0.347373463813207
   0.009557771763317
  -0.003207606331614
   0.087157185643773
  -1.131895783580285
  -0.356262216190105
  -0.926099649813479
  -0.761500290168634
  -1.088335070027101
  -0.680603816196512
   0.097210648698687
   0.901980103905340
  -0.732732903915710
   0.385961125617601
  -1.123349952342425
  -0.030885797941900
   0.229841300689615
  -0.086166956493127
   0.027634205951650
  -0.408718124308752
  -0.668250134191104
   1.120078222646930
  -0.401726257789193
  -0.058399110777136
   0.282854091746217
  -1.433823513671032
   0.672283062055419
   0.370373784222245
  -1.197104032161157
   0.322509180274855
  -1.119881031209378
  -0.217497576237001
  -1.387535763514460
   0.494355248580653
   0.627354249879284
  -0.221809020293541
   0.256933245272495
   0.327224120433196
   2.038921645619918
   0.831298610304390
   0.722894735439329
  -0.654462742943002
  -0.502172753343476
   0.402913958838449
   0.668863308696668
   0.451325604444491
  -0.541755791258110
  -0.305080995938040
   1.370554547918475
  -0.496416150676348
  -0.704940969962631
   0.336254639484558
  -0.292956564765915
   0.069590792648192
  -0.119754969738432
   0.545308103860303
  -0.478419597182316
  -0.706630655730333
   0.017380435973462
   0.700494271595986
  -0.484429439835041
   0.128783020796116
   0.026224085647111
   0.136305281758649
   0.771941048184514
   0.664164330898068
   0.343346682270043
  -0.295407554465516
  -0.557013573973928
  -0.314113055501629
  -0.062828746950653
  -0.323171530351636
  -0.079703317164199
  -0.272905493071735
  -0.401967366169488
  -0.382515582651099
  -0.036160729763802
   0.053694046575840
  -0.204457887738354
   0.550550603562729
  -0.423310382730785
   0.671441879323682
   0.378784401105760
   0.518737069075940
   0.143806128729271
  -0.237998618811011
   0.128736783820679
   0.325432702281919
   0.453924127697935
  -0.142446014103074
  -0.797059265620511
  -0.759869059950139
   0.823801055258491
   1.151255809145496
  -0.140800220747603
  -0.573086451896377
  -0.555300334694617
   0.064257820766640
  -0.169590521064811
   0.384173394866363
   0.344540943076734
  -0.003586921102192
  -0.770895094651788
   0.260675285145329
  -0.013154301647051
   0.022014741109656
   0.284479922398430
  -0.125170605102371
  -0.221614497349676
   0.263057001446944
   0.168890722859320
  -0.121183875240331
   0.164351543681316
   0.176618338367424
  -0.132973706140203
  -0.235944714175809
  -0.185802676299211
  -0.048639523621671
   0.135664100275739
  -0.618073856386780
   0.634278943149667
  -0.271669596709250
   0.484419490711136
  -0.222366940221846
   0.000129581022211
  -0.692241050604358
  -1.632472717279413
   1.030041034385912
  -0.187095096226837
   0.285889217753966
  -0.478330987448000
   0.184533225625682
  -0.001269256730212
   0.605240679163278
  -0.928878099921396
  -0.674209276584514
   0.593441144768555
  -0.144957496072970
  -0.476929759670729
  -0.291041499223935
   0.050867088296748
   0.236383740362661
   0.681711103456717
   0.630336415349998
   0.081961805839785
  -0.344151822948290
  -0.302165000715361
   0.427596943910604
   0.378047195086958
   0.805320210664543
   0.225912351061015
  -0.914892688303833
   0.428810293774771
   0.117811733568044
   0.636480340722187
  -0.150812539912489
  -0.496264815838074
   0.154793347093668
  -0.578103011931423
  -0.231709621403570
  -0.050384831424088
  -0.071787809304642
   1.500067873003416
   0.670922067254663
   0.032517152628688
   0.047136025044340
   0.163265612205003
  -0.981714948292309
   0.239350706963627
   0.444527106905721
  -0.351627591119398
   0.753158565263829
   0.554066038370663
  -0.254405409719710
   0.151882705496946
   0.199405395248658
  -0.046558893583543
  -0.355338774299068
  -0.887097075266137
   0.163940276351173
   0.734229563614086
   0.415256348847624
  -0.498004509411981
   0.219493568234293
   0.674561852175072
   0.331266670773090
  -1.209480251424998
   0.494161251395186
  -0.173053882336089
  -0.488795502536650
   0.519284098402200
   0.682301651840799
   0.020535406045929
  -0.542803103766619
   0.116439477836241
  -0.080677285890587
  -0.589744310289742
  -0.781368211574903
  -0.368283347237525
  -0.994163223833129
  -0.212408995804809
   1.000761037895918
  -1.069738535672117
  -1.170728855646412
   0.155731671252877
  -0.616028753754778
  -0.508295704958678
  -0.415458763657593
   0.406889810703880
  -0.276666475408275
  -0.535555577938555
  -0.379907778749640
  -1.279663507517455
  -1.080811653837545
   0.547782819765701
  -0.335255361395103
  -1.714475864074409
  -0.086489808151076
   0.022850710173989
   0.435260362736733
   0.344935186431155
   0.016825696976757
   0.688789143304672
  -1.437576323780448
  -0.895070869120330
   1.421946785660316
  -0.241705486740504
   1.138116412126783
  -0.477953058989593
  -0.159172299175531
   0.108571940930242
   0.166845924009544
   0.406416990176609
  -0.898640650672552
  -1.817427073397075
  -0.246683115324274
  -0.806574832392879
  -0.637418581048340
  -0.846231118667765
  -0.029281793144175
  -0.672141934503947
  -0.072076104491636
   0.124001837703691
  -0.069618888533088
  -0.467957595550602
   0.828296088428412
  -0.285015771559700
  -0.727132862856872
  -0.556027235089889
   0.427961751456520
   0.181669906833680
   0.442726281024023
  -0.175725024038571
  -0.700046551448084
  -0.293246905067400
  -0.447463280294522
   1.094028840754558
  -0.753500532520156
  -0.278798977167611
   0.746749315575648
   1.269935588611358
   0.140997286018983
   0.171080809509761
   0.862495712093151
   0.428416636615931
  -0.385526012996736
  -0.613053286834370
  -0.027811216168897
  -0.564945234113646
  -0.622059687275204
  -0.903252173816656
   0.674723267838761
  -0.420297575207532
   0.118717423047867
  -0.290789908491421
   0.816124533450986
   1.650377252490867
  -0.481675309191247
   0.479393189308705
  -0.629741550857745
   0.440503675175561
  -0.087689928053125
  -0.658968424050812
  -0.837320797416568
  -0.407694083364609
   0.865948088151966
  -0.336965757120372
   0.284185834921473
  -0.719334166879051
   1.019597873698054
  -0.376509222031349
  -0.029484389870816
  -0.176385594768088
  -0.319189737337551
   0.007868619767243
   0.194901528451451
   0.068591729849416
  -0.323875076815100
  -0.356100287176688
   1.250130944907316
   0.239859120144845
  -0.334990946023252
  -0.088457929183736
   0.549696873086148
   0.017122518166646
   0.538463153829854
  -0.260662626051702
  -0.456027197062136
  -0.183394311353535
   0.123406593596517
   0.101814212525863
   0.282229539424319
   0.271207482494397
   0.348165571290463
   0.437875392402646
  -0.902688553067762
  -0.009445586606390
   0.149372787054124
  -0.296032456088335
  -0.237971534668365
   0.117345976782017
  -0.240287149328743
   0.090677032806537
   0.548132878458979
   0.058541697177456
  -0.331900620350081
   0.244354589916869
   0.433482556136029
   0.466714058937805
   0.004454373486890
   0.561372638947776
   0.842632637196838
  -0.257317606829506
   0.220472622873637
   0.920321656165503
  -0.174767697730469
  -0.701784668015278
   0.047036462573674
   0.119968198959478
  -0.834539942295718
  -1.488514297124857
  -0.016376617301377
  -0.198656541615938
   1.263845052867358
  -1.181054543406778
   1.210263989973685
  -0.160518128554613
   0.222619076731031
  -0.534791051132716
  -0.197263578692461
  -0.276669096786509
  -0.525856006736053
  -0.335549216852005
   0.193622206938307
  -0.385860192944337
  -0.297586638289895
  -0.327612053963593
  -0.162076396241994
  -0.078658314011309
   0.056790416514490
   0.746309261161113
   0.764620351865671
  -0.165928347000437
   0.479079499682964
   0.197530950793261
   0.386733512412154
  -0.360460526300927
   0.237303693626759
  -0.065111628311430
   0.004380783771497
  -0.208084789618305
   0.191511371458419
  -0.456261039125320
  -0.249680621629425
   0.456502762068831
   0.575047709830553
   0.511976092738205
   0.290127532014715
  -0.448568570414626
  -0.444814730477710
   0.127161790771875
   0.330094298629550
   0.971672651754543
  -0.291855526774571
  -0.515325956709890
   0.223212217841448
   0.872514083103984
   0.350699466208923
  -0.697150341112756
   0.391833970170727
   0.392943516168247
  -0.281099803269247
  -0.809074261068044
  -0.270219919621161
  -0.165948943991426
  -0.560162900057185
   0.700119597769175
  -1.461256908379542
   0.513578134109700
  -0.479887601204351
   0.113696787053802
  -0.198214211315240
  -0.388950071987388
   0.236762000230387
  -0.596138661589227
   0.269391581813666
   0.058702596321255
  -0.018975678099964
   0.353570738286096
   0.433039313453858
   0.019020531589090
   0.490152433039479
   0.186897887634508
  -0.960058583522727
   0.458577691757110
   0.406355579598494
   0.206407616027884
  -0.079124197973533
  -0.081616624239779
  -0.983322685981207
  -0.019516125670741
   0.669560171485857
   0.641289177976254
  -0.682313043958588
   1.013600165655229
  -1.103260196997644
   0.202350379589744
  -0.305626295168794
  -0.668568913654059
   0.521518050976080
  -0.328133599526157
  -0.190407959922713
   0.590469142949914
   0.817421489686794
   0.264386720633131
   0.684348015830716
   0.097903562041300
  -0.234180105828858
  -0.788746136571977
   0.539313161647665
  -0.574740536709524
   0.242141669006935
  -0.925861170726639
   0.189196985079772
  -1.106942913818392
   0.449467187682193
  -0.110491262591533
  -0.170311842484652
   0.401230418768009
   0.564097565626978
  -0.252105056817972
  -0.398109218159200
  -0.626235555051121
   0.135943086883741
   0.082829901016843
   0.108208015233522
   0.397656425012100
  -0.209108298816301
   1.413110649535849
  -0.657475519066690
   1.492241589979324
  -0.415712399596787
   0.497397989417969
  -0.240911006440505
   0.187011695920093
   0.126242154140376
  -0.722277793937114
  -0.340922565312644
  -0.091945387472415
  -0.644992326318131
  -0.234187084914300
   0.013484310690074
  -0.252377334141179
   0.819383184009782
   0.493214690015858
   0.073050634309612
  -0.108473452551215
   0.049761029588567
   0.335611539951009
  -0.128680916554180
   0.239031928343638
  -0.712914403655833
   0.404503725032021
   0.918167616089476
   0.204197178428571
   0.087351648541280
  -0.852771129124402
   0.980941650187195
   0.145749253542046
   0.524386566825607
   0.478691349024637
   0.346097259911908
   0.168953068545365
  -0.397423654234065
   0.070987929511648
  -0.272874980570977
   0.810989362847026
  -0.102700550115259
   1.127189258745058
   0.328612127908416
   0.545803493670994
  -0.526090054913891
  -1.336902370089130
  -0.082084257915448
   0.702282166816387
  -0.101485181978056
  -0.530263619126455
   0.450343180112927
   0.084498998445104
   0.191708501543249
  -0.680201182715444
   0.515336957768679
  -0.433044316572793
   1.104583476757688
  -0.524380412431396
   0.886417304551332
   0.710820957465408
   0.713771987144896
  -0.079486675817655
   0.142808110074161
  -1.122038564148784
   0.485799243249512
   0.412515475720349
  -1.126960561988519
   0.221594027714230
   0.801570719496324
  -0.003125156291681
  -0.281342416428282
  -0.939156731915837
   0.743060526630654
  -0.291471138240911
   0.515770427813447
  -0.141634439052956
   1.216170624300573
  -0.015092221316859
   0.307213857089042
  -0.203314468706381
  -0.619392603705373
  -0.582434028369996
   0.060009622405765
  -0.311907576497154
  -0.030728654262395
   0.047684047122365
  -0.262837561418328
  -0.194272447803554
   0.523984778081812
   0.504181310102901
  -0.304423122480647
  -0.056427716505703
   0.178596889827325
  -0.290513291724783
  -0.468387659752406
  -0.141231292708288
  -0.316839785823524
   0.241652032686881
  -1.327628391103739
   0.307043105683722
   0.234111990210537
   0.387637551434366
  -0.929893658318043
  -1.146926076341539
   1.292881308345443
  -0.472713219257058
   0.043425989980110
   0.225083755498618
  -0.017495226813461
   0.269983896822282
  -0.337468412280731
   0.064795713038901
   0.179875009961047
  -0.085571959154870
  -0.349894693345059
   0.160525924868887
  -0.657404439869660
   0.002867155459350
   0.244347958380239
  -0.119490740219997
   0.442845932037525
   0.448908173652160
  -0.129593605601717
   0.331932002601913
   0.111315388817314
  -0.628941638380805
   0.191490472570263
   0.202882709928324
   0.594822489153971
  -0.133508175340369
   0.315171855183999
   0.073006157489338
  -0.431127956542167
  -0.460686462853859
  -1.394888602900280
  -0.930310415925335
   0.252065414161094
   0.597021763711045
   0.116115522731608
   0.199812094352752
  -0.002790334446754
  -0.259292290207583
   0.566721809581582
  -0.797359117545205
  -0.225551046788877
   1.216153836710165
   0.525546292484109
  -0.644659099588614
  -1.296115119085602
  -1.224211587971102
  -0.011369304012840
   0.200998181796713
  -0.327531991911692
  -0.750647169887992
   0.018176194246751
  -0.452670520681517
  -0.390421264212157
   0.284746511092578
  -0.916998828065089
  -0.241858499341870
  -0.100955929466713
   0.372233801392304
  -0.580382845194369
   0.073036035525376
  -1.165969373601984
  -0.064177926732249
  -0.681072396441670
  -0.089262408899695
   0.258404757554362
   0.154564798849302
  -0.578773829063965
   0.810119426505610
   0.843049594933261
   0.824201566445305
  -0.690297169531954
   0.232523482241559
   1.003315532416204
   0.145878918835441
   0.444606601648935
   0.255637008054308
   0.332302925270271
   0.151734569727456
  -0.646967661697446
  -0.255238746681914
   0.320502968650031
   0.376127473818793
   1.286306034629723
   0.383986698877849
   0.597028905482136
   0.286506838182465
   0.119072333835329
  -0.461936488652505
   0.201403897726072
  -0.039344815282200
   0.179022952653565
  -0.509394887296318
  -0.871145031995161
   0.627933358839502
  -0.333362318922317
  -0.494940712827151
   0.496091600561739
  -0.310977289652443
   0.798011139145014
   0.723310336295839
  -0.032097828742730
  -0.372804885456918
  -0.879139155224755
   0.261798531216851
   0.597722826463250
  -0.279003362943835
   0.489140229410741
   0.824815602140482
  -0.328838734525497
  -0.588634756785523
  -1.115161730605977
   0.063187820705258
   0.463533887300187
  -0.145217475428542
   0.459750178370098
   0.012859375802200
   0.343446531397560
  -0.898140767540089
  -0.601225717062477
  -0.174618860309652
   0.450897171415468
  -0.459238663816826
  -1.675808746200076
  -0.048730053509617
  -0.410111501688077
  -0.508414129233379
   0.470081875048370
   0.704715221086778
  -0.983166471827764
   0.481943050759178
   0.437668471262251
  -1.207712488773081
   0.341084220416093
   0.493598196675139
  -0.218719248342101
   0.029858523412398
   0.739566484090822
   0.975257964069462
   1.157378953935813
  -0.064937718100834
  -0.645638203426333
   0.884172329648767
  -0.085119583757468
  -0.000531798164864
  -0.382130893661401
  -0.078917363227551
   0.121716547689179
  -0.986730261279015
   0.605279594161240
  -0.273944423558909
  -0.566272566800228
  -0.067115258831082
  -0.680856874484974
  -0.559590954423919
  -0.461694840016643
   0.973382678959119
   0.431197989539175
  -0.369496271508609
   0.229923023499679
  -0.106133795903736
  -0.293502391047491
   0.164717904789997
   0.660275140293076
   0.149263883222524
  -0.509235278907031
   0.366622006292732
   0.490787137504599
   0.108074532802744
   0.763173709207944
  -0.012193742432110
  -0.446880384652776
   0.190606566046075
  -0.124097659927542
   0.005898461524620
  -0.149462579929334
   0.347935148369634
  -0.568104551049506
  -0.573845172433945
   0.275518888553381
   0.641337411854015
   0.708602899516979
  -0.355164738407166
  -0.237400536297515
  -0.827513902246837
   0.386960895728611
  -0.552082376474495
  -0.561860188674481
  -0.591723337953190
   0.063168298168426
  -0.622537126415209
   0.011368329545423
  -0.300494948379247
  -0.169904030473441
   0.476426609178896
  -0.325331369443699
  -0.889472152235661
   0.506910841840493
   0.705468672055648
  -0.132210149683913
   0.526259473210251
   0.268429847308332
  -0.272803909261671
   0.924484559880161
  -1.216019793794711
   0.202405337926690
  -0.080381419274997
  -0.583671242587296
   0.436775626467273
  -0.643982522075590
   0.361748471029538
   1.158195336106066
  -1.232901367335333
   1.408712382912449
  -0.120636385040066
   0.243273644501894
   0.063843068386131
  -0.471360858346496
  -0.632790939710020
   0.202839512307509
   0.135976592508769
   0.486643883914058
  -0.318752654095722
   0.617650746095780
  -0.704051120855625
   0.928223243759967
   0.335054316678112
   0.093997325807160
  -0.344640231175997
   0.177404743194122
  -0.834864068626358
  -0.126899156018079
   1.128368027723959
   0.897079640611556
  -0.548297876536185
   0.992044785125300
  -0.255521790240115
   0.086412906448449
  -0.302169915825042
   0.595114353696814
  -0.141111938732974
  -0.188523425507718
   0.486819993350894
  -0.516122129453066
   0.479149989371723
   0.616725241265069
  -0.533577393195892
  -0.155476611471552
  -0.683268968471533
  -0.576016231889132
  -0.222302089641028
   0.122246551624296
   0.029484119500874
   0.487889868252132
  -0.322882980804345
  -0.010102944197190
   0.461684041796806
   0.304721685278577
  -0.472029950328215
  -0.007834602526398
  -0.244510749912905
   0.158109742365372
  -0.164810176836747
  -0.026312963808853
   0.570389727411920
   0.016051400036215
  -0.437412580751722
   0.038336290159676
   0.063972730235139
   0.012996601471315
   0.672602939322727
  -0.465485965045939
  -0.014873609521178
   0.085311124676938
  -0.254762912055558
  -0.128047458639710
   0.332395459381778
  -0.982715053980753
  -0.017677750589519
   0.241496228770149
  -0.407082021833379
  -0.112361513760674
   0.777579724562332
  -0.516091407327430
   0.130943949930674
   0.428352694781103
  -1.251845257686043
  -0.385982314263528
  -0.157427570539667
   0.234991967444178
  -0.005760682642228
  -0.094186687138008
   0.062169786205724
   0.439375136742293
   0.310872760614299
   0.920730860848283
  -0.065603006324656
   0.662104564187506
   0.643950560356798
   0.063331521366307
   0.449473972634771
  -1.090282026150522
   0.563457913404587
   0.459017204580054
   0.136175395594769
   0.387933050935837
   0.852250736833164
   0.030755436303725
   0.179857110502743
   0.184745152795574
   0.585637452946618
   0.097864048341671
  -0.122216787898833
  -0.260854250708240
  -0.031419963006455
   0.188090738503403
   0.284144538742668
  -0.735615158543010
   0.035646751687135
  -0.375284846263150
   0.092088880044467
   0.528387489085977
   0.135649823080625
  -1.173787575392564
   0.440795457450693
   0.020463479660925
   0.218650177354237
   0.347494762962886
   1.080496378086344
  -0.447535005632406
   0.071492286802477
   0.988960659908171
  -0.331124121734433
  -0.069715013232823
  -1.251608690399118
  -0.301550404399514
   0.648314462636236
  -0.541168210643253
   0.941478067844755
   0.008021082122551
  -0.850176001982322
   0.149591870084636
  -0.293059067311669
   0.179745526388824
  -0.892717939473784
   0.330067005492958
   0.129967926720268
  -0.044989609147895
   0.250438999500872
   0.196929568072363
   0.194627707158696
   0.180924871092785
   0.648345264214269
  -0.160040004689274
   0.340351507005451
   0.646004881482202
  -0.103693955675061
  -0.194426843229308
  -0.307818268131252
   0.376052935353247
  -0.454487740847724
  -0.382061543738077
  -0.223891060705707
   0.208390758035004
  -0.336787175648037
   0.396807571933436
  -0.019093292237697
  -0.000627879856896
   0.069205434491635
  -0.195985478591709
  -0.889588702275643
   0.398623321041773
   1.159820239296673
  -0.831508291631964
  -1.150829816493843
  -1.259385476927053
  -0.462674645719145
  -0.188694411653504
  -0.058544069320725
  -1.898104323131001
   0.146159926878218
   0.035104812005999
  -0.159329746933492
   1.793392922783454
   0.024371333530176
  -0.131154957541445
  -0.156071003088500
   0.092692785251516
   0.678648668639624
  -0.170327694447825
  -0.432766198064930
   0.743478188661620
   0.055577996804742
  -0.582517187700993
   0.459154293656659
  -0.021928651916941
  -0.246804410007545
   0.306592265056188
  -0.212279479018227
   0.644109696556118
  -0.847793178936034
  -0.934148999831019
   0.239342658928875
   0.055730418442931
   0.255044671482987
  -0.255499159618604
   0.424532569966262
  -0.471427682871737
  -0.287889450239514
   0.718587556798168
   0.627508505486738
   0.210715689893834
   0.815854079949259
  -0.277266186820537
   0.042957959235987
  -0.312919323451358
  -0.159523603273341
  -0.481510363915464
  -0.609212925550810
  -0.140729334360158
   1.334348086315452
   0.202348062308214
  -0.011921844713800
  -0.003254325520899
   0.140112106347601
   0.441665685174381
  -0.188904359803432
  -0.861918989382136
  -1.355449563800349
  -0.509516382827217
   0.026200086562376
  -0.378871794830069
   0.383984142640905
  -0.066815732578659
  -0.616734679591496
  -0.651189623565862
  -0.018929160812003
   0.021397555092183
  -0.961210008191543
   0.462611173771064
   0.022270141520528
   0.114152464645648
  -0.277735410404009
  -0.387269397681607
  -0.676437430078417
  -0.909221306896382
  -0.856310507606650
   0.060407421814121
   0.906275961112836
   0.128443665027362
  -0.394112123434246
   0.282660706974949
   1.364200508574685
   0.843873693333993
   0.592744653405608
   0.713814640205890
  -0.285237327840219
   0.036682952367846
   0.654296460983245
  -0.108991951676183
  -1.181490912570395
   0.783516984115044
   0.618085342878957
   0.157529676965328
   0.061298731761777
   1.022592273290262
  -0.014162025793989
   0.803323348269040
  -1.049478093506225
   0.356809278247645
  -1.520364350228016
   0.412679837343147
   0.780769084120123
   0.456475260847860
   0.658090409581152
  -0.270396040718550
  -0.160555873633590
  -0.282137961701702
   0.006605064447734
   0.240696477857117
   0.213090201097104
  -0.466602442786551
   0.023591000056399
   0.348139156690236
  -0.815067630483943
   0.462824440675376
   0.935925861038084
  -0.000071167588131
   0.041248966351819
  -0.506563987201445
   0.835388394941710
  -0.127614099353922
   0.127509937870399
  -0.153752002878779
  -0.262797991787453
  -0.451677266801951
  -0.482995469004123
  -0.217504759779984
  -0.287074274563070
   0.366227692563018
   0.290966380556484
  -0.381948132750725
  -0.151610742323025
  -0.181186106199490
  -0.300816351444562
   0.412640058783138
  -0.030078614798750
  -0.111671590958557
  -0.132693460907033
   0.425493910991283
   0.018394174844063
   0.438004152483029
   0.083291486305513
  -0.186335329575354
   0.223167210708361
  -0.108856333829808
  -0.064178346524396
  -0.244890598651059
   0.014229646058018
  -0.190825310528646
  -0.680308119359984
   0.176861324358632
   0.001244783143269
   0.102574211264718
   0.088840232441490
   0.017677092215477
   0.106170568911128
   0.557525463824760
  -0.363386894741324
  -0.229564767693805
  -0.047142718738708
   0.111986944511461
  -0.493838916497453
  -0.032984551817379
   0.488998140584108
   0.691807746914213
  -0.599945260565061
   0.133894529170241
   0.041807473414692
   0.234865834837635
   0.325634650086962
  -0.325773837381246
  -0.191442053038985
   0.013472050605907
   1.234623014992571
  -0.248458239363039
  -0.335687464121520
   0.561449069890875
  -0.161461262037137
  -0.388074551803836
   0.089583504811226
   0.396432296801926
  -0.017310074722162
   0.018668204223371
  -0.111311206365430
   0.109387068278385
   0.138953972629432
   0.247507486900885
   0.076985697720466
  -0.112351261025124
  -0.350994767938994
  -0.378306310055105
  -0.039802287522369
   0.185545628435662
  -0.267927987136180
  -0.149459305751516
   0.378443588771035
  -0.219751525314684
  -0.036680878972863
  -0.273482564857137
  -0.093720500795457
   0.394860036919795
   0.312913685711829
   0.015493532545180
   0.080016073099314
   0.159251170605418
   0.014248106066836
   0.114830515809731
  -0.307641623447203
  -0.127886035405350
  -0.041052550874193
  -0.213266749991879
   0.964808478405083
  -0.566241313656794
   0.324602998213965
  -0.282170562136766
   0.054867544709863
   0.680444495205168
   1.276656078989373
   0.107056316941533
   0.268512077466899
   0.269524775521507
   1.368728224398130
  -0.650224710385245
   0.435717643286526
   1.374492789696463
   0.599506822433350
  -1.360607997783105
  -0.192272851372032
  -0.407130341978180
   0.605463210219246
  -0.022900932077819
  -0.228145709891346
  -0.395190325854503
   0.613393521062750
   0.437820561311509
  -0.298119148997876
  -0.385594113695424
   0.267264292585782
   1.058215766920250
   0.281691498698706
   0.117706717143700
  -0.877927208240289
   1.015600293536783
   0.532370436966823
  -0.166859930097298
   1.223692278612720
   0.365028708313845
   1.350294287135374
   0.505196493329390
   0.075727624242375
   1.105530276297084
   1.262214845194108
   0.460380814440565
   0.914076344095303
   0.638796153419329
   1.366843303998650
  -0.930128522508966
   0.845754713696223
  -1.165364280570351
  -1.076515120234881
  -0.337760755991749
   1.265677222129074
   1.177923254345225
  -1.348607011577574
   1.046274571002324
   0.601747402536724
   0.176562650989940
   0.884794999223849
  -0.115804011802457
   0.157519588573042
   0.166773041706200
  -0.570444918898781
   0.659106153328660
  -0.176965741272887
  -0.164124901584353
   0.678737658611766
  -0.566192971242288
   0.467346315526565
   0.277288220276173
   0.362581851200852
   0.319364308502888
  -0.300094941251784
  -0.387563886393547
   0.350886881767370
  -0.151098509257770
  -0.259537233929690
   1.039715123924826
  -1.317204162823858
  -0.105626899557880
  -1.012552255422109
   0.499987168540586
  -0.463520522134055
   0.398436024639498
   1.290611763322892
  -0.187176657782252
   1.147329388214559
   0.024615172450181
  -0.105306061976573
   0.016049340469255
  -1.353361688000364
   0.032303382392675
   0.623965595001969
   0.906380899799300
  -0.347761891121787
   0.935512169326432
   0.150613122909758
  -0.005757496728498
  -0.681413879532921
  -0.842550679388782
  -0.112497130460846
  -0.696451537193802
  -1.055074580394994
  -0.174888461030519
   1.162540640137990
   0.411905771401792
   0.581734373469544
   1.330335635070470
  -0.525779821965519
  -0.477094713619332
   1.240244763017534
   0.639218372313494
   0.008282018890722
  -0.279405535457856
  -0.590394559067224
  -1.081290233794977
   1.222908103770063
  -1.256290440029518
  -1.805934762325112
  -0.224852432406853
   0.658843989815721
   0.738130028416386
  -0.411835595182859
  -0.780872269229015
   0.335673830734352
  -0.232953340108245
  -0.221099391467503
   0.034041293985378
  -0.569432081748859
  -0.647610941993250
  -1.036265196923420
   2.220349618413106
  -0.533370035526187
  -0.530512422178976
   2.398356873848758
  -0.567271061899678
  -1.181560884776800
  -0.438797322615700
  -0.516237147818375
   0.533151281167353
   1.455446349831025
  -0.592440340184672
  -0.583460218561605
   0.166880664171248
  -0.294003084809032
  -1.256656087090526
  -0.558890266794186
  -0.229812471457189
  -0.757697049217106
  -0.287910277083651
  -0.389141802932444
   0.211444255422633
   0.093535518273723
   0.294876384620529
   0.594130759361773
   1.484868879046507
   0.164721066437017
   0.699807987666133
  -0.002654417970167
  -0.029939381947576
   0.496863849052147
  -0.410667346743027
   0.301341088481669
   1.103516461881181
  -1.533407905535721
  -0.949615348287604
   1.671184667536141
   0.251947695983305
   0.134837678101977
  -0.723609666444187
   0.473141278103267
  -0.688233367407420
  -0.325776593429747
  -0.168707731020145
   0.150095896856329
   1.055063050945508
   0.381100192788230
  -0.479948345670271
   1.216455086592593
  -0.248286067192481
  -0.138924175506624
  -0.916824015340487
  -0.584846264785729
   0.030169910415207
  -0.412555435811375
  -0.337914752881619
  -0.245556598882226
  -0.717852470757365
  -0.482626382694072
  -0.189152822239564
   0.215407468978679
  -0.274231867791207
   0.081231906468367
   0.547819351244000
   0.885134267797080
  -0.187137563525996
  -0.978609582523266
  -0.531874075099844
   0.397111264808043
   0.560870171822621
  -0.854370197162758
   1.302470352360477
   0.717755105609657
  -0.859959123400524
   0.657251882896283
   0.352743230482788
   0.023445856026926
   0.711727220411605
   0.746942362271889
   0.324382605388106
   0.104507599750807
   1.235109622215742
   0.276360973502633
   0.368508191422277
   0.993872210412357
   1.562901425657095
   0.533809373758149
   0.221992268190494
  -0.716314260608882
  -0.197056002008128
  -0.210648025037968
   0.849414126028218
  -0.065475724784964
   0.842501741728358
   0.206298808690373
  -0.475749573432261
   0.506878012898191
  -0.062270087025065
   0.748865810681443
  -0.695746053915274
   1.014431612975990
   0.511984056085562
   1.265200145849314
   1.024699116138231
   0.473498822189242
   0.592818615408285
   0.465147209625927
  -0.900162510617779
  -0.883843839534422
   1.536386223993915
  -0.583341810348934
   0.595532451477895
   0.369568770361765
  -1.199386848048509
  -0.055835901739776
   0.918176900655001
  -0.650477712154755
   0.060745939381195
  -1.395449496725949
  -0.792621087658829
  -0.283088183130106
  -0.923616746590885
   0.319130842533101
   0.790393878567144
   0.614944591357874
   0.519067153429662
  -0.077286923010626
   0.369334343670687
   0.107698403779261
   0.477484630659226
   0.734161510992469
   0.563688218541872
   1.683999718473093
  -0.809982651875221
  -0.105845006133844
   0.344417506836224
  -0.483950609715623
  -0.497109358682438
  -1.251593839874727
  -0.128431433118871
   0.060312515556483
  -0.347906722110056
   0.218295653064964
   0.334138459825636
   0.000128115881021
  -0.723962712856249
   0.496423724234356
  -0.310808965290083
   1.064706162237780
   0.261863328045957
  -1.257386656270439
   1.599113465484206
  -0.514412004083797
  -0.520374003346903
  -1.183881978544448
   0.269714923093284
   1.159523440502532
   0.153151361501536
  -0.790161019762008
  -0.916862577671959
   1.405834606337974
  -0.300250048087645
  -0.570140252370999
  -0.946197376260612
  -0.345939558216666
  -1.546252236957841
  -0.867394296798526
  -0.329725023872669
   0.002243818878939
   0.806033528798274
  -0.660452765292020
   1.053554551990112
  -0.036024037647844
  -0.890211518683031
   0.857441446358624
   1.284256763591833
  -0.803094931853378
   0.737636309736552
  -0.182003446930096
   0.382440878056235
   0.042746154762769
   0.693828807889278
   1.213191110395591
  -0.690279176885986
   2.001224105174435
   0.018334708984361
   0.622587945351082
  -0.668643318492724
   0.790429584891035
  -0.742185124141736
   0.817309127750742
  -1.001630036781032
  -0.276020599054134
  -0.183568319239462
  -0.559205389454894
   0.291893853979415
   0.598566308116172
   0.150640406755834
   0.554559836223613
   0.319079121102506
   0.734881287075010
  -1.170554457496462
  -1.488339613672328
   0.114800582983733
   0.351389329952856
   0.555210569968100
   0.012579885355151
   0.631310722367787
  -0.145542184228179
  -0.105238460181115
   0.312396398024767
   0.514854890405791
  -0.329903870798806
  -0.569847274664882
  -1.171021698030574
   0.191746584822162
   0.299000321868991
  -0.811053414769651
   0.335667888615897
  -0.608145404792232
   0.720057513405777
  -0.833188463126098
  -0.772055626743399
  -0.879653436479569
  -0.167085221768062
  -0.201247147695639
   1.067006881474445
   0.335147373719307
   0.064934261667313
   0.284454792511772
   0.479456044386402
  -1.135320152354406
   0.824949480804081
  -0.291149710989469
   0.129766683799259
  -0.864372958694717
  -0.251114716745085
  -0.525093645018825
   0.001765162388096
  -0.674179763753329
  -0.024133759018514
   0.416436679264792
  -0.570087165295449
  -0.882889530967609
  -0.589415616384734
  -0.661066842651964
   0.320803675651200
  -0.787073758149084
   0.015591025303869
   0.219506251217960
  -0.457740631656536
  -0.440891487715441
   0.243329439405052
  -0.479508914177468
   0.653100014764959
  -1.305065924969042
  -0.313141891478689
   0.520057455263810
  -0.470331917770617
   0.503266992450481
  -0.193530810797802
   0.835916185050304
  -0.645354226934915
   0.537103950668592
   0.475134656108936
   0.732526554378937
  -0.851921245075333
  -0.827439863374518
  -0.426981599112824
  -0.077233543820256
  -0.477876142537531
  -0.684887472795359
   1.032722737067973
   0.185428661641470
   1.085411759664765
   0.485204004472111
  -0.168323848995190
   1.563207366741606
  -0.705326482668407
   0.143679303759748
  -0.097998261807488
   0.555191077758482
   0.089439710874336
   0.034769494590368
  -0.565482798165211
  -0.049974510859263
  -0.119623205083630
   0.176512027347448
   0.098252700317009
   0.585143710608753
   0.379656669027560
   0.030689936408286
   0.335955463931105
  -0.296114577035141
   1.070692226278253
  -0.629098106947626
   0.243756065499039
  -0.449717629368344
   0.585201027750036
  -1.198829048647457
  -0.019294807063618
   0.193134045141076
   0.030317580278608
   0.569767505119560
   0.024336561404685
  -0.057153352144112
  -0.456157626600842
   1.084131791529671
  -0.334821324930631
   0.403723561084680
   1.832991787024119
  -0.038860536084829
   1.177647890751676
   1.147470873620526
  -0.756097034427403
  -0.483039186465331
   0.659719527106077
   1.034758088163766
  -1.640216814859830
  -0.232048948963852
  -0.294382224785252
   1.435344678338273
  -0.548369056079659
  -0.300210796646127
   1.312757073592225
   1.187541277529222
   0.507111584631337
   0.103871286794484
  -0.481768076879268
  -0.680119130015239
   0.380786330962190
  -0.521344550654726
  -0.215433233646269
   0.913785603076817
  -0.511845513528801
  -0.442243695506769
  -0.521614112370226
   0.289135257409461
  -0.025228993932344
  -0.682809422568848
   0.690562558865880
   1.019363249412220
   0.085122356238270
   1.077185700583282
  -0.343444031582428
  -0.224553287863980
  -1.282666871261426
   1.203611701306689
  -1.463065964599258
   0.514597756813750
  -1.199291655148115
  -1.206049132080998
  -1.428213131573429
   3.067793539029222
  -1.986576626534116
   1.190454313512442
   1.598676111934411
   0.751213385045710
   0.991805889560317
  -1.515971114929177
   1.262724349624483
  -1.789396639592689
  -1.374197293356866
  -0.176941233866402
   1.548448173007412
   0.090956543445106
   1.236743361125257
  -1.181733779129360
  -0.543807730106909
  -2.020712663792831
   1.266382457048552
   0.835127092991223
   0.459689238682750
  -2.128052908269514
   0.516601046403180
  -1.955104305851776
   1.474306244959789
  -1.409748478774682
  -2.395289222402723
  -0.394216896667043
